0.86
0.8970588235294118
[[ 9.73058723e-01 -9.99387441e-03  9.39764937e-02 ... -2.15952810e-04
   1.53333448e-02  1.36962034e-02]
 [ 9.86153400e-01 -1.43330041e-02  7.59769128e-02 ... -8.00039348e-03
   3.02854721e-02  1.40718862e-02]
 [ 9.88857313e-01 -4.70751583e-03  9.14216784e-02 ...  9.51419424e-03
   3.26274698e-02  1.49305049e-02]
 ...
 [ 9.95280248e-01  9.35745920e-03  6.12340980e-02 ...  1.71417606e-03
   2.91989229e-02  2.30611115e-02]
 [ 9.72452982e-01 -2.16366068e-03  6.93976765e-02 ...  2.39820524e-02
   3.24300396e-02  8.79721692e-03]
 [ 9.53740969e-01  1.33456201e-02  7.74741076e-02 ... -2.48329935e-03
   3.33436150e-02  1.33163819e-02]]